750
671
328
228
281
182 175
172 163
118 365
165 324
455 444
169 995
779
23
567
596
485
13
606
287
162 2
752 327
386 470
675 949
415 57
339 15
195 183
204 501
630 894
451
745
707
858 52
273 881
617 318
992
158 372
746
170
655
410 80
716 12
111
423
756
344 607
662 371
782 817
185 698
188 88
589 927
428 143
715 615
450
81
967 375
508
376 800
341 487
155 947
758 93
284
227 861
405 285
608 937
638
896
706
888
702
348
611
741
219
449 434
5
652
537 291
3
387
99 138
128 902
267
457
153 571
886
868 904
873 903
930 46
582 458
398 131
236 862
76 409
125
951
742
406
210
539
979 934
176
614
130 244
553 940
513 625
591
686 115
82 198
588
350 527
629
528 543
100
196
436
191 413
102 946
320
882 670
150 912
984 266
911 101
126 321
272
609 280
289 832
392 264
91 407
835 833
243 452
928 619
231 484
813 8
664 794
286
427 388
0 199
62
576
229
256 383
711 262
251
637 841
633 114
490 44
795 59
544 735
889
814 703
923
161 207
660 805
977 653
414 124
416
129 180
879 40
313
402 418
900
753 749
924
650
447 474
363 498
524 238
319
815
355 466
189
586 982
701 744
770 566
885 237
20 51
401 892
968 226
878
852
95 47
516
271 512
270 454
723
499
532
877
119 857
203
793 54
417 147
112
529 737
25
855
255
247
145
768
828 408
988 518
233
545 134
97 808
547 66
181
254
728
202
337 562
939
846 32
10 871
990 929
774 534
211
925
801 72
178
279
704
699 511
11
921
891 837
65 394
265
799
453
602
166
71 668
880
4
314
90
117 84
311
443 624
853 705
726 916
352
366 171
110
295 290
997
476 612
333
430
507
28
1
86 18
849
964
605
867
55 796
957 598
53 941
497
461 909
283
732
504
252 343
156 573
300
827
475 960
926
116 568
812
887
559
689 952
866 253
312
803
590 151
908
391
241
594
830
502
468
160 872
48
688
907
759 577
239
899
494 330
585 64
657 681
757
958 482
137 345
30 133
915 595
467
194
179
225
836
277
361
961 762
797 587
736
316
79 659
83
860
403 390
578 525
263 215
209
620 763
404
370
159
200 622
739
789 920
152 481
432 600
725
472
261
876 628
786
981 695
996 721
336 714
26 173
710 331
187
550
429
788 965
193
773 85
975
956 709
98
140
938
479
50
442
78
811
397
950
373 492
121
201
724
49 257
635 676
29
769 297
684 385
584
412
96 503
411
148
245
399 856
208
645
983
213
747
678
936
816 636
760 825
109
820
677
419 144
374
834 806
433
34
275
654
784
460
35
583 445
755
616
971
212
531
108 919
334
506
922
393
962
719
440
505
63
810 673
649
604
422 847
250 740
483
154
70
456
67 6
120
780
634 643
136
426 751
581 974
45
478 464
781 522
377
843
249 307
792
157 353
679
819
572 218
304 631
493
890
495 717
248 123
459 697
274
477
574
807
235
519
535 720
384 94
296
999 661
103
985 105
798 234
761
24
260
767
223 897
87
561
647
500
906
775
22
9
644
309
536
349
282
317
358
509
557
523 665
332
778
340
844
823
831
802
139
674 973
993 510
613
727
463
991 382
520
122
626
893
347
329
972
360
473
364
743
648
292
107
610
338 242
838 146
73
931
555
579 437
546
149
232
305
884 224
666 542
863
850
43
580 269
106
359 496
766
351
177
869
222
514
92
27 31
994
141
722
978
541
942
381
848
870
663
480
135
734
521 945
75
804
658
294
517 696
299
776
548 943
61 306
713
976
41
323
396
142
186
845
712
750 618
969
465 840
441
362
488
632 104
486
963
206 190
303
335 259
935
276
895
569
597
910 552
948
132
439
205
864
575
970
174
672
989
694
593
565
682
986
389
822
690
656
58 558
551
38
438 322
851
240
955
354
471 36
683 918
959
627
933
356
691
368 685
74
268
435
326
954
772
538
599 214
875
854
640
730
217
127
164
842
621
729
718
369
953 901
785
564 601
783 700
646
216
560
771
395 818
883 469
462
167
346
839
197
60
220
380
16
302
367
932 651
859
765 69
692
829
400
357
278
642
693
342
809
19
298
603 168
754
563 288
89
446
966
540
821
431
791
987
570
379
708
308
790
687
592
980 221
246 898
425
42
184
917
913
77
526
258
192
914
14
865
669
530
623
421
556
56
998
680
554
824 731
944
826
230
667
39
533
639
787
733
491
33
17
420
448
378
310 37
325
549
293
515
21
874
424 68
301
7
489
315
905
764
641
738
748
113
777
